1.845882163528501096e-01
8.247194531851900420e-03
5.557670841651390220e-02
1.124593286206233972e-01
-8.650897658694370329e-02
3.651659694511299840e-03
2.619798339466450007e-02
-1.144374869475102974e-01
2.124587492992908999e-01
4.188580749522789748e-02
1.175995158778485039e-01
1.474418953959600025e-03
2.826291083677179988e-02
5.347568727511699781e-03
2.503480385672840133e-02
-3.628539167625521866e-01
1.146765912281880045e-01
-1.884498702980053897e-01
1.920513193737415081e-01
2.554949584814708019e-01
-5.087719632660379909e-02
2.746603111935329022e-01
-8.417045262942139672e-02
1.270446533137400058e-03
-1.965009316319832056e-01
-8.732853408802369877e-02
-1.374573750714991049e-01
-3.445765299304036078e-01
2.834839698828790083e-02
-2.649884359550842006e-01
-4.420746536595199921e-02
-1.886897409209130905e-01
-3.712704787370709747e-01
-2.227743362920620029e-02
-1.406558752640409138e-01
-3.487476395076546942e-01
-3.239177034394480903e-01
-1.944874104184760866e-01
-3.832902599211677197e-01
-4.087954773660720242e-01
-4.480116506133228205e-01
-2.731484850392664199e-01
-2.513577114471468033e-01
-1.971656293230908130e-01
-1.280048640986543862e-01
-2.020826498613225997e-01
-3.952062294119633723e-01
-2.467400978908559084e-01
-4.892791782609536844e-01
-1.361833127902354057e-01
-1.208071616989833952e-01
-3.619165170400854836e-01
-3.523457546622907888e-01
-4.235954172628775272e-01
-3.914235919494810090e-01
-3.027281447938396930e-01
-1.325115031699808099e-01
-1.981404623337360005e-01
-3.967151121746871900e-01
-4.311893060121865795e-01
-7.361300724808146345e-01
-4.030171375522841881e-01
-4.346449999502365880e-01
-6.945645256839132475e-01
-5.777620108372333307e-01
-2.881139652666951934e-01
-4.382387858245452850e-01
-3.719950127997211919e-01
-5.129133447478936292e-01
-4.982017219361637994e-01
-5.505005174837253046e-01
-3.169118895369770206e-01
-1.751148690115756912e-01
-2.588036452337004190e-01
-5.347358535686055347e-01
-5.094969485887766991e-01
-5.365356623647197232e-01
-4.302125847404490999e-01
-5.563749342207492399e-01
-4.628747676694150992e-01
-5.867942343062180210e-01
-2.594154098441281975e-01
-2.356686851544368133e-01
-6.546248138210455370e-01
-5.620195917716924727e-01
-6.849019264138915819e-01
-5.215675011213483092e-01
-5.226304265018185680e-01
-5.314934114113806229e-01
-7.913327473387580246e-01
-3.776911204701983160e-01
-4.943515399495730933e-01
-5.088378567127278540e-01
-8.382791049512520187e-01
-5.771620950092237745e-01
-7.807854147378916476e-01
-6.485392944096196599e-01
-5.616865636549982499e-01
-4.691784029895754160e-01
-6.255917997550070053e-01
-7.929731611371283462e-01
-8.349973427228001288e-01
-7.529860556446499320e-01
-6.231084909686641637e-01
-6.188233809086858273e-01
-1.108127548313492694e+00
-7.321646309798774954e-01
-1.044727933653838647e+00
-1.081239793637388757e+00
-9.154576899178029636e-01
-1.022779811136746098e+00
-8.732312706487989074e-01
-1.050860366449265504e+00
-9.345836882793852052e-01
-9.042498132847723857e-01
-9.601244498698542351e-01
-1.042157407420357895e+00
-1.302101280682958828e+00
-8.290780931230602446e-01
-1.276943457234683166e+00
-1.410375009635750354e+00
-1.501886689688201271e+00
-1.189928479830756780e+00
-1.393116107736388720e+00
-1.430545212639251496e+00
-1.503615940241391113e+00
-1.329763435574979002e+00
-1.617543542105111420e+00
-1.169030224041170296e+00
-1.181272083399581119e+00
-9.887726574987918404e-01
-1.072664969563383419e+00
-1.503752105555254959e+00
-1.297815645365002490e+00
-1.246463412491072509e+00
-1.328834704073190931e+00
-1.198205716323992975e+00
-1.705417519856493147e+00
-1.306961667212712452e+00
-1.297290239889810071e+00
-1.282800645479909019e+00
-1.454830389407888891e+00
-1.649403137075380110e+00
-1.525415334490811015e+00
-1.454661206550422747e+00
-1.242781831303061191e+00
-1.589865092648397704e+00
-1.460604968450033514e+00
-1.630557307981478576e+00
-1.428732246655262772e+00
-1.315677586682292510e+00
-1.387538251334566430e+00
-1.525112518020612873e+00
-1.718059342673495138e+00
-1.474691407050839898e+00
-1.505339424752403232e+00
-1.158830999616466073e+00
-1.655043461979873953e+00
-1.037673948690016834e+00
-1.307247049337210809e+00
-1.362642248205186979e+00
-1.515853897867317945e+00
-1.562522389522242205e+00
-1.335253789097808452e+00
-1.592633792720341113e+00
