4.544463775546904394e+00 2.571124478742718544e+00 1.822682478664064121e+01
4.506599717904089530e+00 2.526692589312465653e+00 1.772630049405305641e+01
4.548173376622195008e+00 2.507634160182212302e+00 1.747926154999161952e+01
4.645593816185575875e+00 2.527811742696144393e+00 1.765848987916476887e+01
5.062418700342138145e+00 2.610048543015726530e+00 1.834043132643061114e+01
5.055876658386677214e+00 2.593264313364505025e+00 1.799164859504196912e+01
5.188552235176193683e+00 2.573430007233292294e+00 1.795411805223596602e+01
5.285746479984214652e+00 2.636452577483439086e+00 1.829156564597545653e+01
5.361342807500199648e+00 2.660122641883427175e+00 1.847927629769414892e+01
5.522088205892608848e+00 2.648203249878799515e+00 1.844950598405919706e+01
5.787726354552482633e+00 2.648404730525754758e+00 1.852046800322500886e+01
5.933301365192519050e+00 2.670268662609387889e+00 1.843711982873726285e+01
5.943503850094242758e+00 2.648564983127743133e+00 1.841589320519376827e+01
6.119347249550137313e+00 2.629269514432494681e+00 1.809141100618793985e+01
6.376488796870201092e+00 2.667755633655596093e+00 1.809381730057252113e+01
6.643795615611449712e+00 2.720201066299487103e+00 1.866656837953943082e+01
6.765960834568206295e+00 2.710298336642460004e+00 1.839468019436601764e+01
7.119763794229744036e+00 2.761022670595916217e+00 1.876835616658695827e+01
7.325189710974375323e+00 2.825140562350264783e+00 1.930124756959188304e+01
7.571114078764870747e+00 2.785004316977476080e+00 1.888882503519303668e+01
7.762947987099056313e+00 2.831200782445543851e+00 1.925812074738376367e+01
8.019553553652755795e+00 2.797830347269387730e+00 1.876177376623423854e+01
8.487273155337250685e+00 2.771292693837977161e+00 1.836534164899696719e+01
8.932963275339492526e+00 2.841633847780505651e+00 1.893729890488661738e+01
8.750701464596209789e+00 2.868058910153501007e+00 1.930481072370958273e+01
9.090838436797479716e+00 2.833489105122100504e+00 1.875387609015861656e+01
9.266189578481359490e+00 2.843125266522432693e+00 1.900214066009369063e+01
9.510372735561647417e+00 2.881579172917859033e+00 1.908905909630902542e+01
9.597660041977359668e+00 2.905036494302108085e+00 1.922817130569276145e+01
1.009352321975818434e+01 2.929258640180928630e+00 1.948731538932071672e+01
1.093632233652052399e+01 2.921172062464678199e+00 1.932682128004249122e+01
1.129350673068422850e+01 2.962877225608324672e+00 1.932716624341796319e+01
1.173884820126697548e+01 2.944345851005831793e+00 1.915816228532244381e+01
1.225438402679594851e+01 2.918084088079925920e+00 1.870936136531268446e+01
1.246724552847831191e+01 2.978158739837645008e+00 1.900988997617717757e+01
1.257026622667504334e+01 2.987658653242267981e+00 1.920686906057727938e+01
1.268626322527817685e+01 3.000148376276360995e+00 1.906781958209545635e+01
1.319095521664792869e+01 3.044590074710364025e+00 1.932845363814542239e+01
1.434215496072484086e+01 3.123484051918550275e+00 1.978574642618645285e+01
1.433482126267807999e+01 3.104668337723353932e+00 1.955277705492911977e+01
1.543278649207451991e+01 3.159194948993984120e+00 1.977806486278010567e+01
1.602679754123586520e+01 3.125180696005549041e+00 1.919967302698239919e+01
1.630684661199452989e+01 3.110528364759862274e+00 1.894952175707739528e+01
1.621599151054976673e+01 3.125430894694156692e+00 1.917845620120739980e+01
1.679657324407844499e+01 3.205110617860806865e+00 1.983612847777380139e+01
1.766577430948931138e+01 3.216163844950096884e+00 1.952250048239026725e+01
1.815088035932663146e+01 3.170768746502162116e+00 1.917728771692488721e+01
1.901112916061583746e+01 3.268702111907491492e+00 1.958218287923395096e+01
1.998900756541144830e+01 3.296870258769108109e+00 1.950168111294298257e+01
2.164246331451908745e+01 3.355831345123780007e+00 1.986870992901002708e+01
2.266210070818356925e+01 3.361821036795602513e+00 1.975078792517896531e+01
2.351382736732285039e+01 3.382952935380137749e+00 1.948762216724767882e+01
2.416340111920318279e+01 3.381541469588444038e+00 1.935806149893677031e+01
2.604768030432167691e+01 3.389386332354357823e+00 1.903059787758810373e+01
2.650752099131452866e+01 3.464058299969803745e+00 1.965611972726534518e+01
2.815802847651709939e+01 3.525334738078169217e+00 1.975296715695855454e+01
2.948689883596641081e+01 3.549324480388693193e+00 1.960693136091457944e+01
3.247930467684103206e+01 3.674457368469993490e+00 2.014449074830430320e+01
3.113285703728509901e+01 3.675876640379725835e+00 2.034218954572492066e+01
3.269101092571510492e+01 3.690048662057103801e+00 2.010967131329709900e+01
3.419279814080697122e+01 3.767608106953063363e+00 2.060232839586562292e+01
3.443465077956312115e+01 3.725917531952306128e+00 2.000760742574277629e+01
3.592235270992954099e+01 3.709100467817518343e+00 1.968089242868151700e+01
3.808608969798272170e+01 3.787939036045985919e+00 2.000732869050688123e+01
3.513405679461168774e+01 3.764418792127778080e+00 2.059248108677444122e+01
3.509148717862071010e+01 3.722337783274300094e+00 2.006142457797434275e+01
3.807157452770289296e+01 3.744207068777380965e+00 1.990829860714939770e+01
3.975198229077258105e+01 3.826396855599585756e+00 2.017756104011222007e+01
3.942498449874761945e+01 3.830597379713032602e+00 2.036895157688001134e+01
3.393663047851452319e+01 3.722641134682193709e+00 2.036863821259885654e+01
3.754682245999263301e+01 3.813010120783444812e+00 2.040239509879932811e+01
3.204941278054283060e+01 3.661222702405218854e+00 1.984610877490235481e+01
3.384898546620051007e+01 3.658333722764267382e+00 1.947427839573451180e+01
3.938589958706580774e+01 3.881246209999288155e+00 2.041782520893150732e+01
3.898297228057301567e+01 3.774809015882587993e+00 1.977882376042076018e+01
3.941628780998716053e+01 3.790606982164463901e+00 1.975345483716890271e+01
3.955611645919672981e+01 3.724383638277894981e+00 1.957302011123630336e+01
4.221370855415179335e+01 3.850357382385433791e+00 1.987550986466281699e+01
4.206447172030944159e+01 3.828134931557229059e+00 1.991593076109436922e+01
4.473465018561837780e+01 3.890215993735529398e+00 2.027497394446755763e+01
4.151990606932174188e+01 3.907622805837648983e+00 2.095238858867565312e+01
3.663913266166542826e+01 3.699193086333458780e+00 1.978298345666402724e+01
3.225189542136633492e+01 3.701120518695931949e+00 2.016181554830386347e+01
3.393713756563494144e+01 3.673991695640834276e+00 2.001961331045776049e+01
3.730163266035201275e+01 3.817622406653861766e+00 2.070261783682482459e+01
4.009333853070194209e+01 3.826763235457096179e+00 2.054319704215548370e+01
4.312786142043624693e+01 3.972008023065769500e+00 2.116418654124870358e+01
4.639105112796912778e+01 3.977215074471826206e+00 2.085060470861750659e+01
4.301883965710126034e+01 3.879546431388007921e+00 2.028381800386004130e+01
4.594885453796519670e+01 4.010820601451635881e+00 2.102085332548508134e+01
5.023977106039386342e+01 4.026253626433618393e+00 2.056627574726680052e+01
5.214654754131044712e+01 4.050294266866393045e+00 2.046203136755574548e+01
5.332090163909221303e+01 4.114193283816649505e+00 2.101419377002468281e+01
5.413624125624316719e+01 4.114085781681939835e+00 2.076469900653815870e+01
5.307350504053571427e+01 4.111269896041664929e+00 2.091812228249428784e+01
4.675690203118269750e+01 3.970406317162407106e+00 2.063041519237457777e+01
4.620250368799417373e+01 3.971696435458099916e+00 2.030593349955862337e+01
5.187623011236125592e+01 4.004289599390246757e+00 2.019099947370312265e+01
5.424001569755230179e+01 4.123520872976997431e+00 2.065035706357971890e+01
5.231608637500197290e+01 4.095746551077308339e+00 2.108117937721695512e+01
5.820628819753500949e+01 4.331260791279767375e+00 2.210581056136875944e+01
6.066323151279236470e+01 4.212336067356143410e+00 2.039818818369810316e+01
6.144989308616730028e+01 4.278249966572279739e+00 2.095793435117974113e+01
6.268709013819596265e+01 4.400134890913104613e+00 2.160093970820868847e+01
6.310483375289555852e+01 4.475107773130416078e+00 2.165473894901656493e+01
6.900315621483612460e+01 4.585745111893208659e+00 2.161194057224027176e+01
7.412190737350447023e+01 4.844401488886874496e+00 2.272448275685898267e+01
7.762640658359288182e+01 5.084522572350241632e+00 2.382634944628376061e+01
7.856142199356960987e+01 5.060488042524023733e+00 2.224665040214954104e+01
8.251022591859516808e+01 5.186762349282971307e+00 2.213695045166442554e+01
8.580760420569458802e+01 5.288213084302708644e+00 2.206866313939816493e+01
9.659080751826748212e+01 5.280187774913457588e+00 2.337357314260722774e+01
9.859311393203901730e+01 5.268371108547882820e+00 2.255009463819330406e+01
1.016784710851598419e+02 5.437875742912038568e+00 2.460921093387492320e+01
1.054986907922319830e+02 5.259909465100330195e+00 2.237762398460906965e+01
1.079591805044858006e+02 5.270010252712169496e+00 2.264997293102377895e+01
1.103664549663051559e+02 5.285174795936926628e+00 2.243429714244145146e+01
1.093551932668420363e+02 5.390458849300691746e+00 2.358529353708912879e+01
1.135595976819583228e+02 5.370373092170119378e+00 2.282579691465199900e+01
1.167534788797943435e+02 5.404091612813001433e+00 2.210048951166143638e+01
1.228678780234320556e+02 5.549708797290366036e+00 2.278022432322634572e+01
1.232413270963095044e+02 5.703748992338274704e+00 2.319511601153404357e+01
1.267324978756456062e+02 5.971153374722521612e+00 2.552743453960083997e+01
1.324288265394999939e+02 5.895831575895737586e+00 2.345564810731014660e+01
1.305396034069535176e+02 5.971643938399686213e+00 2.359962462212706313e+01
1.281655913259375552e+02 5.998431374041170550e+00 2.312965379073236960e+01
1.340976168733828047e+02 6.237496531818932155e+00 2.440571791742575058e+01
1.353432377512974938e+02 6.353178768287843781e+00 2.438724427025082164e+01
1.358341739646935764e+02 6.579044817814859947e+00 2.501974419192402266e+01
1.380244007452512562e+02 6.677231649399465674e+00 2.521247986259827201e+01
1.373534112392945019e+02 6.618387124854692161e+00 2.523254565829286378e+01
1.331699010834556418e+02 6.577782229862205732e+00 2.487329597139704873e+01
1.308604530350969526e+02 6.915258577522966910e+00 2.827220571438292396e+01
1.289037344775649672e+02 6.625402213840495769e+00 2.445951342727552458e+01
1.304163406761620934e+02 6.815018955118441468e+00 2.532627635767572727e+01
1.307442051818539994e+02 6.922761988583977733e+00 2.583243997550223980e+01
1.307545576984415163e+02 7.013703662123484506e+00 2.591211685177119861e+01
1.332343341178543596e+02 7.200139154017294985e+00 2.725186716986587498e+01
1.343653494746133106e+02 7.396635060240569715e+00 2.718506612609871453e+01
1.344161678940045306e+02 7.320233667650651199e+00 2.633140676747171938e+01
1.339791277858574006e+02 7.508271531599200799e+00 2.736536835471076756e+01
1.327375511716136032e+02 8.011536269395817200e+00 3.439493832794950379e+01
1.282477767678286966e+02 7.364888993342175283e+00 2.664897688911261042e+01
1.261942301657881842e+02 7.531122846620259104e+00 2.811499625978056471e+01
1.234484152477085530e+02 7.895732734087692606e+00 3.314335063351852284e+01
1.210821184751630000e+02 7.813189501191084574e+00 2.971540753892104902e+01
1.191142064705699966e+02 7.686339550726493108e+00 2.871419152495161953e+01
1.195500480948693536e+02 8.269788742717702590e+00 3.834138231594712209e+01
1.170261670477149778e+02 8.412226876444451662e+00 3.781227830332195339e+01
1.108741189309366462e+02 7.698162125432141956e+00 3.044917132538336801e+01
1.111486042681318622e+02 7.457347231717920799e+00 2.798197839802492126e+01
1.119237248560712032e+02 7.591758768528898749e+00 2.787799843652209830e+01
1.112015633437036826e+02 8.046474186766173986e+00 3.380824328599570805e+01
1.151038781636067654e+02 8.241697597960083499e+00 3.436218134735964469e+01
1.204937260469668416e+02 8.542465507294888738e+00 3.233033041098627081e+01
1.249806757834322042e+02 8.840128385718104553e+00 3.272399070670271470e+01
1.258962842351421187e+02 8.925648149522455554e+00 3.435514660193790348e+01
1.250875739712160737e+02 9.284494092478702498e+00 3.327729799228882968e+01
1.223606509003817138e+02 9.091850913798911193e+00 3.161901150517085313e+01
1.172593914599368361e+02 9.109514001671728423e+00 3.177247636618843885e+01
1.163174480659563983e+02 9.665129375647623533e+00 3.461053251023120936e+01
1.174857589200697561e+02 9.478876565579495761e+00 3.251825927041697639e+01
1.156695764084705758e+02 9.705285171316013759e+00 3.582690195539085920e+01
1.146481774206316402e+02 9.560553735096204875e+00 3.324556582708558494e+01
1.140086622048385010e+02 9.744379658087515494e+00 3.614582138503657660e+01
