1.845882163528501096e-01 5.110812467628669808e-02 2.892908730375587933e-01 -1.351017864605440037e-02 -8.401739547579499534e-02 1.398921022451982965e-01 -5.367621745648450127e-02 1.158450194210950031e-02 2.056132277662539934e-02 -2.770904418196776797e-01 -1.274616042471004018e-01 -4.027321960677839874e-01 -1.045393972899900936e-01
8.247194531851900420e-03 -2.727816391230659943e-02 3.542001824827848977e-01 3.467057222496665037e-01 1.421521193690460094e-01 -1.516274639232675081e-01 -1.524841743016951134e-01 4.569443560292889978e-02 1.074235739965992004e-01 9.196430597929410033e-02 -3.791654548729089247e-01 -4.275821393904909867e-02 8.505992243733080660e-02
5.557670841651390220e-02 -1.342692603443864097e-01 -7.192065532140269613e-02 -1.167600791697353951e-01 8.427046102100449465e-02 6.700108279456880311e-02 7.592064449472020471e-02 -7.262946926694800048e-03 2.861728737581619927e-02 -3.792841006585639940e-02 -5.495546307999420177e-02 -2.327698633665289951e-02 1.685383967267000960e-01
1.124593286206233972e-01 7.241093140245910553e-02 -7.203182432003539526e-02 1.166545059570675974e-01 1.839345645460994105e-01 -1.568273963922720005e-01 3.819699719228348833e-01 -4.403355688312159816e-02 3.578547059132770186e-02 1.090006016136921968e-01 -2.130944808242621891e-01 1.859113788095259068e-01 3.112147873604473869e-01
-8.650897658694370329e-02 -2.541995394193033997e-01 -3.733362309094467868e-01 -1.924724988790413038e-01 7.693369954126219601e-02 2.485457471978284871e-01 1.162694083980629969e-02 9.068435242204210545e-02 -3.341039399943999868e-03 9.684117114456460007e-02 1.913639559584786043e-01 3.242487321778730197e-02 1.949209499802838086e-01
3.651659694511299840e-03 1.615442671398713004e-01 1.811408329727530117e-02 1.161614085447995048e-01 6.565085554207510110e-02 1.095315561960106959e-01 -2.465530024496639938e-02 1.103380607738451008e-01 1.116463660087303050e-01 7.370106466680249879e-02 4.600218794072079981e-02 -1.777640815008300901e-01 -1.234509827441155061e-01
2.619798339466450007e-02 4.993367176150859815e-02 -1.164368899813909980e-01 -1.356964441765639018e-01 -7.641637976784919351e-02 1.070654479205559034e-01 -1.246598798089456062e-01 -4.445178679157599927e-02 -1.277187353493160031e-02 4.838664068104760185e-02 8.795779457342560448e-02 9.238891825582599970e-02 -5.412577312024240139e-02
-1.144374869475102974e-01 -2.448934471193844886e-01 -1.792207697001783895e-01 -1.898914583766272979e-01 -7.057244363538089926e-02 -3.055959619238888814e-01 -4.425322090465966807e-01 3.851477089357870087e-02 -9.160578509462449781e-02 1.350500321932539965e-02 -1.270123921323451088e-01 1.349504582244213935e-01 -1.510081507097182918e-01
2.124587492992908999e-01 -5.947032153548170025e-02 8.032282173582830365e-02 2.366639817218270936e-01 1.448715468657950020e-02 2.394606567172554989e-01 2.673634331811814979e-01 -3.881242654132929792e-02 1.514323780624970972e-01 -2.445706645262336887e-01 -1.552315289605754045e-01 2.836985358715143901e-01 1.148050574742144059e-01
4.188580749522789748e-02 5.552529649109119725e-02 1.000954648451720941e-01 -2.716364626475329946e-01 -2.767175596199450069e-02 -2.356322323738399907e-02 2.419439304929570100e-02 1.527926028242630047e-02 -1.048592336314518036e-01 6.543094302692710473e-02 1.374705874668414041e-01 1.086580681308300066e-02 6.864728081205699779e-03
1.175995158778485039e-01 1.140711594927120015e-01 -1.056040505103530980e-01 -1.326120042030410895e-01 -3.810603140952430190e-02 9.932211415906219698e-02 -2.523289971782187724e-01 -1.187958377999493997e-01 -7.759156066239029925e-02 2.058754271165516014e-01 -1.030711058964580047e-02 2.084592686866642008e-01 -2.205254329398602942e-01
1.474418953959600025e-03 -1.329102465564001023e-01 -4.484288804482651769e-01 -2.593039064479271127e-01 4.199081709328530282e-02 -4.969242042008339966e-02 -2.211907059208048920e-01 -1.661019025073413868e-01 -4.576632376925900136e-02 3.338518522875372763e-01 -1.595323165624114026e-01 1.929850980820357054e-01 9.858327513710950230e-02
2.826291083677179988e-02 -7.947547168424519415e-02 4.032650272457580232e-02 -6.286938584688600562e-02 -1.595449863102380017e-02 -8.964524298036219419e-02 -2.529889681840394866e-01 -1.006930645950241954e-01 -1.865215152241000984e-01 -4.358228572197599647e-03 2.426686201404530951e-01 -1.354478624648000062e-01 -1.903918723999623863e-01
5.347568727511699781e-03 2.922803103213639925e-02 -4.294185219512219875e-02 4.908381625134029813e-02 -1.292562568306999905e-03 -8.206784723665000057e-04 -2.708895470419404039e-01 9.841894099249079431e-02 -2.103424506133630967e-01 2.012097858834636932e-01 -2.250257391720940914e-01 -1.363015627815991893e-01 2.161973274219149976e-01
2.503480385672840133e-02 -4.195239320651889675e-02 1.155614928350286036e-01 -1.674349190731886927e-01 2.495332115583266952e-01 -2.152595895068966925e-01 2.311532030358557088e-01 -2.069541205498200143e-02 1.183835268372023936e-01 2.556085560373189125e-01 6.848847963494729407e-02 -1.790231406454800139e-02 -4.746614585443739709e-02
-3.628539167625521866e-01 1.216072163422124985e-01 -5.873806834875100122e-03 1.078555009513882945e-01 5.557766395031549927e-02 1.254067716358845119e-01 -2.207053876381067092e-01 -4.937167023146279976e-02 -5.825896662512800028e-02 -1.019854245010426014e-01 1.443674101955521039e-01 3.532571231087985875e-01 -8.702528000164459765e-02
1.146765912281880045e-01 1.363085382821976888e-01 -2.948679673869910034e-01 -2.962458680399869884e-02 -1.416090573902608896e-01 1.456127621963614893e-01 -2.613450344187295826e-01 5.085378891284259711e-02 -7.754078143450640614e-02 -3.253224673957619967e-02 -3.099908812868229849e-02 -6.352054719549384831e-01 6.851535263040700076e-03
-1.884498702980053897e-01 5.500980044122279894e-02 -1.366260427019420041e-02 -1.106273630109961964e-01 -3.409326115803929663e-02 7.008243552284189326e-02 -6.950645137872260571e-02 -1.996082607302079870e-02 -3.239735441658839893e-02 -1.107135651634723050e-01 -4.407388843019279662e-02 -4.862094244993839798e-01 -3.068881883952094825e-01
1.920513193737415081e-01 7.187845198356579424e-02 2.007769019065780078e-02 -2.213996711120310990e-01 -1.218102808952733068e-01 1.531925962645690024e-02 1.433281906963669028e-01 -8.376634011437179839e-02 -1.385282428268198862e-01 -1.329110593497949133e-01 -1.235989312073803026e-01 -1.474450036165410038e-01 -1.702947172421256927e-01
2.554949584814708019e-01 7.502060976258799474e-02 1.753039453056489880e-02 -7.879593119010640245e-02 -2.021989104965077888e-01 1.694777146568784976e-01 2.938715364937422025e-01 3.727458217397450202e-02 -9.858205031671539442e-02 -1.718214789480891069e-01 -1.469798495998030086e-02 3.188470142196072055e-01 -1.584922159390022012e-01
-5.087719632660379909e-02 3.435530603832630259e-02 2.813513248255539168e-01 -1.812845865647451093e-01 1.157992059119339057e-01 -1.268760472181074128e-01 -4.914239490987330067e-02 -2.440782729032960063e-02 2.198374576266000097e-03 -9.268978705636489457e-02 -1.708890847389294976e-01 -1.271203055060060039e-01 -1.213063184960540969e-01
2.746603111935329022e-01 4.280961315655500143e-02 2.398225448697773043e-01 -1.751054951292848882e-01 8.697056373381570338e-02 -2.098057271753699937e-01 -4.098126001099576809e-01 -2.629652698553030035e-02 -2.711748359687839866e-02 1.998944953346326048e-01 -4.402008362780190226e-02 1.821468493072785078e-01 1.617349877560749979e-02
-8.417045262942139672e-02 1.241380492454021017e-01 -2.689590358662900110e-02 -3.359707952455712743e-01 4.580681497749040237e-02 -2.029509570896184945e-01 2.610948898099835769e-01 1.278595718229353917e-01 3.558584527030209804e-02 9.569923090091869700e-02 -1.684187581081987017e-01 2.363978008597903968e-01 1.342917008126713052e-01
1.270446533137400058e-03 1.180806500925909996e-01 -1.634852575979335032e-01 -3.522102914618369107e-01 1.338476979347617002e-01 -1.997952278437321039e-01 -5.823434502159129805e-02 -2.214776054306999929e-04 -7.360638231887510485e-02 8.182127255061509563e-02 -2.473405096193833086e-01 -1.450755934119350027e-02 -9.888799619527340046e-02
-1.965009316319832056e-01 -7.543855845017899409e-02 -1.888404985019636884e-01 5.177476860470239806e-02 4.100130282228890005e-02 1.963385809730469056e-01 7.501475424475839704e-02 -1.643941998275290015e-02 -2.440568374953929962e-02 6.220432864632519793e-02 -5.661360650968299928e-03 -1.592963666678972878e-01 -2.370884387796053927e-01
-8.732853408802369877e-02 9.701533631614899303e-03 -3.394719309920363193e-01 -7.514981310232510259e-02 -1.039098529003943949e-01 -1.139255006018033006e-01 -1.618287835097586003e-01 4.346836890971769729e-02 -2.311154535629700042e-03 3.238315931185141161e-01 -7.336909950502640276e-02 -3.299940846138543771e-01 7.593974679060569444e-02
-1.374573750714991049e-01 2.253736848333937892e-01 -7.758384218370470431e-02 7.186510650421100432e-02 -1.161469307562609972e-02 -9.920290474862869523e-02 -1.928514264086153007e-01 -1.080453934129811944e-01 5.900660312016280107e-02 3.559564541685059785e-02 -3.069898053450316189e-01 2.095099501149829124e-01 -1.673952468660680135e-02
-3.445765299304036078e-01 4.434736691031800071e-02 -9.784609651124540064e-02 1.578409531868419854e-02 -2.408740360575140071e-02 -1.069696523413920033e-02 -4.557804124882720159e-02 -1.594463122877474992e-01 -5.066241766076760161e-02 -5.143886549819370185e-02 -2.651045635693564106e-01 -4.215458541904754108e-01 6.656790665990759692e-02
2.834839698828790083e-02 6.598858379163870247e-02 2.381973169348909972e-02 -1.754307023786511877e-01 -5.603472603778469896e-02 -1.134236765073746017e-01 1.898174367994384937e-01 -1.749938721541915987e-01 3.663328095032680060e-02 -8.644847834280069976e-02 -1.676554604690473071e-01 1.930440419365229976e-02 -5.264959197546489889e-02
-2.649884359550842006e-01 -7.318731342019819952e-02 -4.242460845185755947e-01 -3.256253770762569666e-02 -9.902058024958630689e-02 8.600077240521000494e-04 -5.669743648063786390e-01 3.832358091338169959e-02 -3.876643718622459905e-02 -1.679021640378347002e-01 -2.832057692261470000e-02 -1.491772515079904937e-01 -1.964706179393214958e-01
-4.420746536595199921e-02 -2.888741051286070061e-02 -1.823829457028549039e-01 -3.845533690687226724e-01 1.373678794525181046e-01 -1.727386021545161132e-01 1.356749957557177866e-01 3.599947345974789659e-02 -1.574217116352087942e-01 2.028330216356462878e-01 -1.723289648237437133e-01 -4.869058374973200265e-01 -4.709330308497190060e-02
-1.886897409209130905e-01 2.278516067873759959e-02 -7.342310255540028807e-01 7.708996560750959459e-02 -6.659766316402949970e-02 8.716044468629430275e-02 3.511120915246648266e-01 -6.818480651016779748e-02 -1.449989191333390104e-01 1.919444599631220938e-01 -2.011756112105126948e-01 -1.696368844805220058e-02 3.299641652645750323e-02
-3.712704787370709747e-01 -2.273664172585596888e-01 -2.604125151241270045e-02 -1.691673951129669951e-02 -1.225164045191065032e-01 1.392378893018927921e-01 -5.026804257836640227e-02 -2.862174247832389995e-02 -1.298074646388505948e-01 -1.562885034209794965e-01 -2.836757936192966234e-01 -4.692874711760252060e-01 2.049362452696797954e-01
-2.227743362920620029e-02 2.149579982280686030e-01 7.355718648042329499e-02 -1.218007411941918056e-01 5.037515342859490153e-02 -8.853038432140590552e-02 1.697829736511176912e-01 6.386556296502049479e-02 -8.179549662712400082e-02 -1.770840422235306910e-01 -1.744021757649706905e-01 -3.218710654242676883e-01 -9.537523139609829781e-02
-1.406558752640409138e-01 1.500962624446643967e-01 -6.782776086737603016e-01 -1.288865028087690934e-01 -1.558563731609547975e-01 -2.629835644600324041e-01 -3.113037693554103758e-01 -1.273532559162001976e-01 4.948132726481160176e-02 -1.616303655597136069e-01 -2.956943203109225760e-01 -6.432785104015109612e-02 -1.076677717694489965e-02
-3.487476395076546942e-01 9.296450644402000016e-03 2.002392988961400160e-03 -9.318909852239499678e-03 -2.739037766689257913e-01 -6.129128604339419972e-01 -2.271666082259682917e-01 -1.050061999367016968e-01 -7.581623408538719355e-02 1.574874406169458896e-01 -2.798257863088973729e-01 -7.121474352986314482e-01 -1.266249553539184058e-01
-3.239177034394480903e-01 1.749367324396887136e-01 4.992925440126450010e-01 -2.237297364188947091e-01 -1.600325727626815131e-01 -7.010443038534509841e-02 -1.163318470647812936e-01 -2.205665891597085870e-01 3.146911532203409967e-02 -2.509364890142479904e-02 -1.779687813233415128e-01 -6.166013501738077940e-01 -2.926363349552608129e-01
-1.944874104184760866e-01 -1.881561070867066865e-01 3.371298436662750059e-02 1.237894725773480975e-01 -1.723076488219708047e-01 6.127612727520009850e-02 -2.774887134292085000e-01 -1.387028832527965883e-01 -1.797805659347627982e-01 -3.392609547240019868e-02 -8.644410505223999730e-02 -5.792249222784919827e-01 1.252845890793800095e-03
-3.832902599211677197e-01 -7.049823264392759969e-02 -3.569912853176803735e-01 -2.477757197182907101e-01 -2.736702903034066159e-01 -2.129055434904091049e-01 -3.462230902083103246e-01 -1.242550269497505050e-01 -4.354713083072420110e-02 -2.946732247029739890e-02 -2.671405519433663889e-01 -7.415443298139490214e-02 7.290161798661150272e-02
-4.087954773660720242e-01 -5.169351990104110312e-02 1.533552307582881913e-01 -1.688715982744606880e-01 -2.578309547903037124e-01 8.972127944350580253e-02 -1.066233273377986956e-01 -1.927997635782338071e-01 -1.474644246987140972e-01 -3.198229305820001200e-01 -4.728440350198762077e-01 -2.642880123557602157e-01 -1.521847092020124914e-01
-4.480116506133228205e-01 -1.534284960473659976e-02 3.715512061144494171e-01 -1.067907960210660000e-02 -1.395824277805038094e-01 -7.019615002252199698e-02 -2.826785590300240902e-01 5.840232535784160156e-02 -9.758532718752679913e-02 -5.453194761586979689e-02 -8.157276232442020603e-02 -2.446974468255393997e-01 -4.373120083097759708e-02
-2.731484850392664199e-01 -1.411248210441453932e-01 -1.524854610798334065e-01 -4.832817028136249943e-02 -1.743754697928524000e-01 3.233965482313850837e-01 -2.881655917482809914e-01 -3.419092742822069098e-01 -4.093895351301540114e-02 8.241068455325069320e-02 -6.691763516367629783e-02 -3.269493848593916230e-01 -2.126092400396626947e-01
-2.513577114471468033e-01 -2.205268600387381983e-01 -5.474085901192599773e-02 -3.081459666691087063e-01 -1.519125422743839993e-01 3.121028708358912773e-01 3.215048803774069736e-02 -1.574922019205081958e-01 -2.156289349402004119e-01 -8.469307247558800419e-03 -1.339530297941221026e-01 -3.601590865962535082e-01 -8.367689528553069744e-02
-1.971656293230908130e-01 -1.710635902877049863e-01 -1.362489473624234892e-01 -7.884752382226249690e-02 -1.495448122624805087e-01 -2.609864557429802945e-01 -9.512166807775310207e-02 -1.076266306206477008e-01 -8.484130508228039658e-02 2.020946262572818897e-01 -2.215786630053895867e-01 8.660838567536380261e-02 -1.465848124664139926e-02
-1.280048640986543862e-01 -1.455877831979842940e-01 -7.941154174581287473e-01 -2.177750594149232000e-01 -1.879745392782060931e-01 1.315342533319419915e-01 -5.672490290633892540e-01 -6.571967684486609840e-02 -3.264788356881449805e-02 -7.347132992516559880e-02 -2.492441054617995089e-01 -4.617842377065419224e-01 -1.259222514621883005e-01
-2.020826498613225997e-01 9.343779930914460075e-02 -5.960923761257289760e-02 -2.044786186467940081e-01 -1.055943551870587027e-01 2.498574910990561115e-01 -8.862244828692399448e-03 3.255656677363070323e-02 -7.727170185472430342e-02 -1.199666042894674961e-01 -1.827020586502672017e-01 -1.318440388356172943e-01 6.697977023975609789e-02
-3.952062294119633723e-01 -1.295092228883091001e-01 -1.154709189771220973e-01 3.907744284547999959e-04 -8.494793066442450635e-02 -2.385529144307960980e-01 -4.918689152166050294e-02 -2.098156079000225993e-01 -1.073594787740816958e-01 7.912938039825600720e-03 -2.317061480134499085e-01 -1.199262006368083944e-01 -1.290922644894285931e-01
-2.467400978908559084e-01 -1.916091681623739995e-01 -3.288400774700386830e-01 -2.459788199437490039e-02 -9.003262162407839331e-02 -6.476454070829129606e-02 -2.874374134318766760e-01 -1.577961006713906877e-01 -1.345741209467312960e-01 -5.339422311594319709e-02 -1.340726791540549911e-01 -8.212993122331639639e-02 9.918055888713550594e-02
-4.892791782609536844e-01 -3.209159587541920294e-02 7.786463410664469509e-02 -2.269891280948347079e-01 -3.545826354490140830e-01 2.558519337409141947e-01 -2.545201384951630841e-01 4.264946818161050035e-02 -1.828128899892164094e-01 -1.874562319649895892e-01 -2.476499344875665032e-01 -2.660954803052049122e-01 -1.364151848827330031e-02
-1.361833127902354057e-01 -1.104387074986139944e-01 -3.307047942417611908e-01 -1.137488480760039944e-01 -2.104608473744488117e-01 -1.641401293812959072e-01 -4.483658592200793214e-01 -1.613126264363229923e-01 -2.389591842861447102e-01 -4.110498614076300156e-02 -3.032173269285715067e-01 -4.402443460735502856e-01 -1.842778207350753983e-01
-1.208071616989833952e-01 -5.399052253330799585e-03 3.651908660552809910e-02 -2.382017070023786931e-01 -3.723884701294953858e-01 1.674626383999597012e-01 -3.983235069436852904e-01 -1.940175956843092908e-01 -9.283847263553310358e-02 -2.068201773645393926e-01 -3.690569884289777725e-01 -6.370358411134715571e-01 -2.947292792433706121e-01
-3.619165170400854836e-01 -3.557612305777539674e-02 -1.075034170917671950e-01 -2.422424923745007952e-01 -3.952602711571220895e-01 -1.544563793247072936e-01 -6.190402276066829801e-01 -1.778644847590455935e-01 5.794144926852999936e-03 -4.141026310665094079e-01 -7.018824548850344236e-01 2.181182612128959031e-01 -5.252496488794800023e-02
-3.523457546622907888e-01 8.006415301631690518e-02 1.065385043136001936e-01 -2.697727444759633886e-01 -4.558841554980200828e-01 -3.835887540868951895e-01 -3.173587166380099078e-01 -6.313248821971320646e-02 -1.982396438133617045e-01 -6.036831317123299984e-02 -5.339803944686242199e-01 -4.010699886992405983e-01 -1.136631592643272959e-01
-4.235954172628775272e-01 1.430510968913996095e-01 -7.488177287762319556e-02 -3.797949320501681214e-01 -1.728543802836904897e-01 -6.917430262670890007e-02 -2.862767838360713024e-01 -2.795866101652325075e-01 -1.782426983184204894e-01 -6.478050760190559587e-02 -3.501994723635931117e-01 -1.353214533698186006e-01 -4.606735157627189770e-02
-3.914235919494810090e-01 -8.975043821581800418e-02 -1.317397143288188965e-01 8.770513220867899237e-03 -5.069240111438079177e-01 -1.387038571414727084e-01 -4.839565021994760019e-02 -1.695439765810141941e-01 -1.565783183607281914e-01 -4.008369804025679883e-02 -5.945850747150688287e-01 -7.706317543561390371e-02 -1.710310599554575872e-01
-3.027281447938396930e-01 -4.277493541814410272e-02 -3.513174477530988105e-01 -1.990706575508733867e-01 -4.292331077606337808e-01 -8.319478471818470000e-02 -2.601559150622899819e-03 -3.588361564612604915e-01 -1.083407799975829970e-02 -1.301655007183160906e-01 -2.959917431677464017e-01 -1.429342586843868890e-01 -5.456930064892000004e-04
-1.325115031699808099e-01 -1.587684436498273122e-01 1.798304947943032972e-01 -2.264483431227042043e-01 -4.225592388349704853e-01 -4.793468094129769985e-02 1.274667196137327096e-01 -2.885959548214253045e-01 -1.151505399844536953e-01 1.605772685009493883e-01 -3.621678537059380143e-01 -6.075989581268479434e-01 -2.066209450654785118e-01
-1.981404623337360005e-01 -1.476014770924539976e-02 -2.973059870139350136e-01 -2.099368131986230068e-01 -2.045616666407633899e-01 -2.621838154740457894e-01 -6.626422057820499645e-02 -1.852821735879705001e-01 -3.840104485344412732e-01 -7.091617901253399747e-03 -3.644505406416883031e-01 -6.197121013953812430e-01 -2.081789183191274928e-01
-3.967151121746871900e-01 -6.869046415362810298e-02 1.828326892788869895e-01 -3.053735015784567741e-01 -4.732922221104969851e-01 -1.852608115196953953e-01 -4.121899502841905871e-01 -2.063300546137251945e-01 -7.950789258820470384e-02 3.455473439917129685e-02 -4.050969487332987118e-01 -8.452081359697259655e-02 -1.680393014576030963e-01
-4.311893060121865795e-01 -1.060120239123159974e-01 -4.544942555878225265e-01 -1.988315076292669972e-02 -3.382719579269066745e-01 -2.488040923094123891e-01 -4.054525590670047253e-01 -2.241822181203678988e-01 -3.343047848075980100e-01 -2.423604410288293098e-01 -5.491229187186806859e-01 -3.964950709879099811e-01 -3.111797497296804882e-01
-7.361300724808146345e-01 -6.340581322360250294e-02 -3.419253673782858272e-01 -2.948891513921427787e-01 -2.657563738416149901e-01 8.376330328929650071e-02 -2.986934733593152869e-01 -5.338487976484576070e-01 -2.685276685641369010e-01 -3.405031053282203124e-01 -3.054510492037899039e-01 -2.495082417275567011e-01 -2.682154804577815965e-01
-4.030171375522841881e-01 -7.221396219269179961e-02 -7.880045847874156406e-01 -8.243471854112810471e-02 -4.691834477567091155e-01 1.522668446145130916e-01 -2.965910883763437922e-01 -3.121292590961495250e-01 -1.667323965934174868e-01 9.639624959245809976e-02 -5.088868006042701619e-01 -2.863452208807233945e-01 -1.385734911647996948e-01
-4.346449999502365880e-01 -3.875694446015300054e-03 -2.727566132851553249e-01 -9.707053708633379963e-02 -3.567615703088218848e-01 -8.702403172103480300e-02 -1.957373796278039924e-01 -3.337548886538311832e-01 -3.599917936322123979e-01 -2.681675020612026006e-01 -2.680761536541546031e-01 -3.542519349644279170e-01 -1.577353707884394107e-01
-6.945645256839132475e-01 -7.743474201466750417e-02 -3.292699516788022973e-01 -7.800994079230939848e-02 -5.159917652350588524e-01 -5.239068602133890168e-02 -1.737057561132518968e-01 -3.373511455062905839e-01 -1.823689825781593943e-01 -8.065089331919260418e-02 -6.900910370075279410e-01 -4.504802240157441129e-01 -2.808355990829123905e-01
-5.777620108372333307e-01 -2.048173119898530001e-02 -4.770737177368619131e-01 4.301299887985360337e-02 -5.549141820851934970e-01 -3.889126818942282848e-01 -8.076165340764590583e-02 -1.897376598872796971e-01 -2.455330962074142864e-01 -1.144168884359121063e-01 -6.399360860312383048e-01 -4.992879776477199827e-01 -1.658969763834015898e-01
-2.881139652666951934e-01 1.022556720281170006e-01 -7.039458353674300090e-03 -2.253512551479243953e-01 -4.827616070300537743e-01 4.724924248904509988e-02 -4.323406250032357789e-01 -3.126804635903681073e-01 -3.870158659877495078e-01 -2.298742303558604927e-01 -4.541148648117148134e-01 -4.769199989021679076e-01 -6.098450942130829999e-02
-4.382387858245452850e-01 -1.585253833535149939e-02 -2.261832979853699022e-01 -3.402844152986642112e-01 -3.349403755280168093e-01 -2.855374031372371890e-01 -4.926934718408974012e-01 -3.457328282142116960e-01 -1.980440943856011105e-01 -3.780538489095592869e-01 -3.762809139330914876e-01 -8.322956582468025166e-01 6.532763360274700289e-03
-3.719950127997211919e-01 -1.326576651549727925e-01 -3.327743480998142100e-01 -1.201006053966466036e-01 -5.035168108222166650e-01 -1.073144306399092945e-01 1.307206876838490003e-02 -2.309723760280039118e-01 -3.332092049096594955e-01 -2.620159073996791155e-01 -3.406018339137938944e-01 -3.723899096164394740e-01 -1.022291939099306962e-01
-5.129133447478936292e-01 -1.002889702199956934e-01 2.816217542445065836e-01 -2.585567807934538997e-01 -1.979082494757802013e-01 -4.454256316396592030e-01 -1.490279503398216909e-01 -4.096443488884233819e-01 -2.447942900442263980e-01 -2.689045232215995784e-01 -4.226855046067682919e-01 -5.470207204739152562e-01 -1.923636527629611903e-01
-4.982017219361637994e-01 -5.829978595410519743e-02 -5.623616387657877080e-01 -3.362399225490492194e-01 -3.653720251505068184e-01 -1.288552079581621879e-01 -3.391420147361134951e-01 -3.046062804507473909e-01 -3.193207380365363224e-01 -1.184004613515236004e-01 -1.983343552408771138e-01 -4.128087787660141839e-01 -3.295308867098836747e-01
-5.505005174837253046e-01 7.529677548641719453e-02 -3.122292043069228029e-01 -1.074348772152304982e-01 -2.147226204530743865e-01 -1.852074362088617920e-01 -4.506716189425530872e-01 -2.826229143991081938e-01 -3.376855034967086167e-01 -1.334699915821415117e-01 -5.138482175896629256e-01 -2.395921466543735889e-01 -1.305778431232222925e-01
-3.169118895369770206e-01 -8.190960869531180299e-02 -9.863202483546139321e-02 -6.913431707546530136e-02 -3.420387795244305140e-01 1.047457524067770956e-01 4.102234726787064023e-01 -2.125469445878173935e-01 -3.025293766732081724e-01 -2.779659744860096260e-01 -2.666426964740166161e-01 1.266146610221149937e-02 -2.648921643034659046e-01
-1.751148690115756912e-01 -4.370731007035276727e-01 -2.032350272025287008e-01 -3.638647859993088818e-01 -3.631196731117148913e-01 3.845591536927329968e-02 4.559476700346095090e-01 -1.638287559205235111e-01 -2.529444153496194225e-01 -1.397753325106594890e-01 -3.760401467463831970e-01 -5.549606726546664204e-01 -2.224623162312766023e-01
-2.588036452337004190e-01 -1.235521229068619990e-02 -4.949653736236407919e-01 -3.091535192235231877e-01 -3.829708580231970805e-01 1.995624262300376983e-01 -1.739521758272865870e-01 -2.341517264975699897e-01 -3.343672211080015999e-01 -2.841113310632067956e-01 -5.305355074763168366e-01 -3.351676899575962154e-01 -2.843037431536288850e-01
-5.347358535686055347e-01 -2.848932822067788972e-01 -1.729086061927752049e-01 -2.668500131199735836e-01 -3.321187046050227964e-01 1.134705479892348934e-01 -4.793717612990572863e-01 -5.300104968551572204e-01 -2.876133057837645945e-01 -4.021844782882170316e-02 -3.797280434872629118e-01 -2.401158693013203116e-01 -3.065211943460189881e-01
-5.094969485887766991e-01 -3.854278964577659977e-02 -8.373402870104125206e-01 -2.728084708817057891e-01 -3.263002631203418824e-01 -3.354097212505709885e-02 -4.275166658705575884e-01 -2.918050078583381834e-01 -2.025953904377701120e-01 -3.124285558109080041e-01 -5.259419691611536551e-01 -7.121616198520387409e-01 -1.582608714338381017e-01
-5.365356623647197232e-01 -7.368515862945980432e-02 -3.125977054559215262e-01 4.048209444958599662e-02 -4.850581680323771128e-01 -1.560994586531412043e-01 -1.584972509584904876e-01 -3.558288829684917998e-01 -2.770714020271911049e-01 1.503574883191119947e-02 -4.274335317915095023e-01 -4.896931343100693890e-01 -2.653997354895408778e-01
-4.302125847404490999e-01 -5.264713412257499697e-03 4.646878554774540315e-02 -1.967873749527848104e-01 -3.702673999702144059e-01 -2.241802494664524026e-01 -4.051495244887866054e-01 -4.114899120596646753e-01 -3.561534702855083112e-01 -3.378447274096255115e-01 -4.756163423192861228e-01 -2.784418173585447853e-01 -2.988235667886411928e-01
-5.563749342207492399e-01 -2.515109503364827970e-01 -5.347196771696229728e-02 -1.619880164245469933e-01 -4.389061187562242061e-01 -1.437872392871792082e-01 -4.158963686307676766e-01 -3.604377415412295949e-01 -3.722002961789634967e-01 -4.259215027472539883e-01 -2.978374769055961990e-01 -2.579017347335487154e-01 -4.633643470140839937e-02
-4.628747676694150992e-01 -3.559128060873859717e-02 -1.971915519627258917e-01 -6.024272636389766955e-01 -3.877937629690529908e-01 1.249070323966252061e-01 -4.936952823780966781e-01 -4.369767585968599155e-01 -2.796168926641274810e-01 -3.168479613922642879e-01 -3.151372434783722976e-01 -3.648676417511914072e-01 -2.239140977695900092e-01
-5.867942343062180210e-01 -2.653495396261452144e-01 -6.993878972374947267e-01 -2.190791881852660883e-01 -4.803255750203502816e-01 -7.045585447797429735e-02 -1.333893557601988911e-01 -3.306217393419970119e-01 -2.439517142689371920e-01 5.299197691722579845e-02 -3.186130116529145018e-01 -9.699894273895591779e-01 -1.323194941931269963e-01
-2.594154098441281975e-01 1.834322295190523033e-01 -4.705230362947228073e-01 -6.582717715104970113e-02 -5.660961984209819109e-01 -2.190861778340645882e-01 -1.951294478439840885e-01 -3.395905665050354960e-01 -3.891869985801568732e-01 -2.183505133595395886e-01 -4.734847137071980794e-01 -6.401606029229459649e-01 -1.831708150826296122e-01
-2.356686851544368133e-01 -1.163573342576280055e-02 8.656920317191030279e-02 -2.381286988620323897e-01 -2.494461695980866034e-01 -2.289920514654948114e-01 -4.897603510086953049e-01 -2.350109934863557071e-01 -1.646573211627571920e-01 -1.940026186909546979e-01 -6.125686234220732995e-01 -5.036237497024230736e-01 -1.634825951840848113e-01
-6.546248138210455370e-01 -2.839200226203255073e-01 1.703211995821201918e-01 -8.206313586604549459e-02 -3.464520962293556883e-01 1.439563468871724872e-01 -6.117635781235163384e-01 -2.343644591102632124e-01 -3.726015006960400888e-01 -2.470078761709638138e-01 -1.831571426609852060e-01 -7.029777022150036636e-01 -1.745910836762823992e-01
-5.620195917716924727e-01 -1.615808692961797077e-01 -4.535519767699500333e-03 -1.545405637167527879e-01 -5.654576842475559362e-01 -2.557171172230994216e-01 -2.080106769732426031e-01 -1.919728677284618934e-01 -3.160180113286296111e-01 -1.658396809296072971e-01 -5.170085951623932807e-01 -1.153833443544122067e-01 -2.056030445934861894e-01
-6.849019264138915819e-01 -4.161835521947879757e-01 4.285449071283609773e-02 -6.070012614840140236e-02 -3.409414158031295883e-01 -2.181607286137323964e-01 2.207709751877210969e-01 -4.549164709677246954e-01 -2.156081204202109081e-01 -4.318704841920564252e-01 -3.152604956056930252e-01 -7.281197042670363162e-01 -1.545706116182058998e-01
-5.215675011213483092e-01 -4.016403588359530041e-01 -4.800382258094409993e-01 -3.991982000051292889e-01 -3.121962790329563253e-01 -5.478003897459418070e-01 -6.554560841627536938e-01 -4.669260583735648229e-01 -2.416558735274884906e-01 -1.442139930356851896e-01 -5.798395125273153594e-01 -5.138527414189828502e-01 -3.725751607952829114e-01
-5.226304265018185680e-01 8.866001993352079502e-02 -2.863737788770757131e-01 -2.443533097587611003e-01 -4.295099733379363904e-01 -9.038112927651259509e-02 -5.940374919112184626e-01 -2.481978385009848964e-01 -3.323089528044086971e-01 -2.305140198277204899e-01 -5.319326230942192923e-01 -7.075439779440987342e-01 -4.763419937168340140e-02
-5.314934114113806229e-01 -1.499880242573606026e-01 3.886692936277129085e-01 -5.271297861105717075e-01 -3.928981273816486985e-01 -9.366854591131880403e-02 -4.417568906984195021e-01 -4.256121913771929166e-01 -5.457500088519320336e-01 -2.857033041288858932e-01 -7.567760860615397878e-01 -3.860849239659088772e-01 -1.017526188098061973e-01
-7.913327473387580246e-01 5.495687593537960242e-02 -2.605034737289924074e-01 -5.448676448275449058e-01 -6.205839532934395164e-01 -1.686354537603982073e-01 -6.561200259301209758e-01 -3.882741588306810043e-01 -4.496657013486508037e-01 -5.737776879658932350e-01 -4.046196303758720081e-01 -5.287446006688200084e-01 -2.610558343772004797e-01
-3.776911204701983160e-01 -7.535693163221569846e-02 -4.654496047574571138e-01 -5.031522810168201909e-01 -4.365946899955743810e-01 -3.216842268921857872e-01 -6.638868897173055839e-01 -4.570479202396233731e-01 -5.468949478863434077e-01 -3.857101370514142147e-01 -7.969112784491605428e-01 -3.368272160034732066e-01 -1.326703874840733932e-01
-4.943515399495730933e-01 -1.763427186510778955e-01 1.938963393268799962e-01 -2.078861947120750134e-02 -5.097496302367653387e-01 -1.446885583764898064e-01 -4.608116362362362772e-01 -5.207684114311732504e-01 -4.553953316125727846e-01 -1.622787541528808997e-01 -5.163214815381678147e-01 -6.338108823905524991e-01 -3.874824889875735923e-01
-5.088378567127278540e-01 -5.010827992521432739e-01 6.679522941604730535e-02 -4.526181030326648091e-01 -5.070027840434651045e-01 -2.935584364910869271e-01 -1.135003314576532363e+00 -4.648401234676592941e-01 -3.716435785544990877e-01 -3.747440190266799198e-01 -7.343464790744158588e-01 -6.923112661002126522e-01 -3.608997839808331110e-01
-8.382791049512520187e-01 -9.981396806241360498e-02 -4.043007406882290766e-01 -5.319946028680592187e-01 -5.167065618476142097e-01 -3.896856589576542795e-01 -5.979090616485687182e-01 -3.877138636562744156e-01 -3.714025107738105902e-01 9.726709379365890140e-02 -1.708980196801833107e-01 -7.631112330710436709e-01 -2.633250016292423834e-01
-5.771620950092237745e-01 -1.184091018628312952e-01 -6.116144055078573949e-01 -4.686452529592470828e-01 -3.241567093103930874e-01 -1.585438023761510107e-01 -4.436864546131599751e-01 -4.438921518572860880e-01 -5.136462121753083698e-01 -2.504539550813841275e-01 -6.655226905485623901e-01 -8.425558993512554107e-01 -3.816757190005392042e-01
-7.807854147378916476e-01 -1.056979878135146933e-01 -4.033761516358728150e-01 -4.432512642667292835e-01 -4.881780798012618772e-01 6.202285603179399920e-02 -5.317589915064202533e-01 -3.739081047927007018e-01 -6.267774260929039887e-01 -2.038475639852740107e-01 -5.822447799117393963e-01 -1.238651104872636050e-01 -3.238746528167295025e-01
-6.485392944096196599e-01 -1.369209908681952026e-01 -6.184895090467898982e-01 -3.453136705190597011e-01 -3.929910948417094096e-01 -2.804837221437074812e-01 -3.863163208516462999e-01 -3.904776385501558811e-01 -2.818744377526705147e-01 -4.954536795174855901e-01 -4.701834162575962983e-01 -7.893019460120680453e-01 -3.151612761191738277e-01
-5.616865636549982499e-01 -6.527423199013750177e-02 -4.955249725221936852e-01 -6.586583615418499515e-02 -4.096297328634505019e-01 -6.389856627461899807e-02 -5.528060050132701519e-01 -3.957435464070742093e-01 -3.728673116369347063e-01 -1.518585824921772076e-01 -5.853666770075282022e-01 -6.798639200551601647e-01 -1.733673014844669125e-01
-4.691784029895754160e-01 -8.206048502372370601e-02 -2.417257844891712026e-01 -1.996307379906346879e-01 -3.386806635214092975e-01 -1.775222820907212951e-01 -2.966371764988414150e-01 -4.866678001261027786e-01 -4.643199852035879149e-01 -3.075530714249488096e-01 -7.316071350876947044e-01 -1.545288424537580030e-01 -3.160132025158728930e-01
-6.255917997550070053e-01 -3.740427984508364889e-01 -2.370429883666136939e-01 -1.281992533275456980e-01 -2.812811803517968889e-01 -2.510845837819160042e-01 -8.096781129381471764e-01 -3.411612866288233903e-01 -4.790866038217486134e-01 -4.139422607309283797e-01 -9.510385540577092067e-01 -4.094438940856484077e-01 -2.951116421186524841e-01
-7.929731611371283462e-01 -3.161952551249507248e-01 -2.126525024214858117e-01 -1.633519329060137137e-01 -5.390956346797988186e-01 -3.479980856895377728e-01 -6.437182534515383248e-01 -4.633474866032608053e-01 -3.827237588284239100e-01 -5.255904013073191550e-01 -8.821276885615018104e-01 -1.218948177987635439e+00 -2.327389843751014875e-01
-8.349973427228001288e-01 -3.517554095799884095e-01 -3.141018007137347245e-01 -1.860085445148592087e-01 -5.225866750140821804e-01 -2.365885192725488972e-01 -7.349714999003225113e-01 -5.342930377144859966e-01 -3.972079613323247771e-01 -8.439923249170319663e-02 -5.867194647251126050e-01 -6.537258288922674909e-01 -4.164404579404066276e-01
-7.529860556446499320e-01 -1.800914553158504960e-01 -2.605676628746836920e-01 -3.100211463297337100e-01 -4.676303205451132206e-01 -2.709179761044499916e-03 -7.667194033670134967e-01 -4.859510324495109890e-01 -4.575787226381825001e-01 -3.123646230385859757e-01 -8.192790416226851669e-01 -6.405783012907998453e-01 -3.433243169700728736e-01
-6.231084909686641637e-01 -2.021524075176056034e-01 -2.191832765660526872e-01 -3.051678009084508036e-01 -6.954419657072571370e-01 -1.543556719076794037e-01 -4.882412932442987130e-01 -4.841381274159022863e-01 -5.442174260656922335e-01 -4.219530757851079894e-01 -5.510050645625190757e-01 -7.457518074808412445e-01 -2.439349835988235959e-01
-6.188233809086858273e-01 -1.187252623698070025e-02 -7.413972114183549345e-02 -3.074856833779728849e-01 -4.775364077771376836e-01 -6.566150874771783386e-01 -7.357925665022533313e-01 -6.912283217842521976e-01 -5.150421892694173609e-01 -2.609359085333248229e-01 -9.871347105198291505e-01 -3.488217804021681023e-01 -3.307537325732362032e-01
-1.108127548313492694e+00 -1.087977531949231996e-01 -3.143179215115335934e-01 -4.899779127402720813e-01 -5.964411337651303047e-01 -2.831482027691705761e-01 -9.654185091043759881e-02 -5.075532223090246653e-01 -2.677559733571012179e-01 -5.161000429181181737e-01 -8.395717772100442788e-01 -4.704374310674724891e-01 -1.702159457246948948e-01
-7.321646309798774954e-01 -1.626309043720458036e-01 -7.857523442325980989e-01 -3.684081173611282178e-01 -6.646968966711775950e-01 -1.276414737142977929e-01 -8.630379837276495048e-01 -6.290513345758077524e-01 -4.442288106392798808e-01 -2.356652920120811956e-01 -1.047608267271167293e+00 -1.070467790543419229e+00 -5.083026619199915164e-01
-1.044727933653838647e+00 -2.103451058329519896e-01 -6.684568710822909043e-01 -2.946686717641541220e-01 -6.382113472917302355e-01 -5.287813047734798433e-01 -1.020965962303025387e+00 -4.604510151485928793e-01 -3.687119063215175130e-01 -3.422487837792742016e-01 -8.833806695258039632e-01 -1.166296144683662384e+00 -3.090126260096160982e-01
-1.081239793637388757e+00 -2.294831190665130027e-01 -4.884219081707634746e-01 -3.246333192369090792e-01 -8.229452669399367482e-01 -2.699375843308083889e-01 -8.168331707719297397e-01 -6.493877323250066835e-01 -4.935099240303045809e-01 -3.517203139723499850e-01 -1.098579206622291915e+00 -1.101287823617287387e+00 -4.059607977691033764e-01
-9.154576899178029636e-01 -2.756949045066774961e-01 -4.107208109800343232e-01 -4.734606378077466093e-01 -5.751696403623387521e-01 -5.024636709492552589e-01 -5.365480442800251160e-01 -5.232898700316682694e-01 -5.006606103253726792e-01 -4.919644472610589236e-01 -9.511182633941291931e-01 -1.058203168497864555e+00 -2.797339236100652160e-01
-1.022779811136746098e+00 -3.976482265564023066e-01 -5.502017787854267539e-01 -3.511836275880814151e-01 -7.989387673868998396e-01 -5.469703775166078197e-01 -6.955174895108782174e-01 -6.475737938332045696e-01 -7.033600874932739444e-01 -5.947642597107791751e-01 -8.243331665788684592e-01 -7.321407283246917919e-01 -2.968256924295610277e-01
-8.732312706487989074e-01 -3.573568890264959830e-01 -7.859282359149184494e-01 -7.912192173227146075e-01 -9.089905266198680112e-01 -2.075216574512666889e-01 -1.260166797706550712e+00 -8.321817711315253607e-01 -5.231467272711504135e-01 -5.126750757478454323e-01 -9.678502880197143998e-01 -8.092911575848591443e-01 -3.440950193618428909e-01
-1.050860366449265504e+00 -3.085596040492442071e-01 -5.638238414107058505e-01 -3.605310954571623872e-01 -7.614133211148816915e-01 -1.850925282178305098e-01 -1.206827065209677752e+00 -6.634542016263327291e-01 -5.043615072346497863e-01 -5.469460520349530563e-01 -8.792964335286965749e-01 -1.196167379023923560e+00 -5.154538910334706125e-01
-9.345836882793852052e-01 -1.654272087887825038e-01 -7.289345272064892134e-01 -8.017011985626413262e-01 -7.443330103182027591e-01 -4.490377008913793988e-01 -1.018279287998684390e+00 -8.175218091338117832e-01 -6.411857032736497652e-01 -6.347727645202037028e-01 -1.140402348857472159e+00 -1.280614022118935491e+00 -3.652099590910923843e-01
-9.042498132847723857e-01 -3.220139740184466137e-01 -7.902526137721505028e-01 -8.383576829399814745e-01 -6.842171934082978968e-01 -4.572823478689858057e-01 -1.163824387902944846e+00 -7.155343560164264538e-01 -6.981728805209169719e-01 -3.837759077295920807e-01 -1.122645872163043679e+00 -9.068871957165249853e-01 -4.280814838645585207e-01
-9.601244498698542351e-01 -1.884569998800210977e-01 -9.224431341262984141e-01 -4.696323174847558124e-01 -7.273629839416067000e-01 -8.210061266539177005e-01 -7.329517095495156065e-01 -6.125699852003370083e-01 -6.632317165344201459e-01 -7.498031058293547213e-01 -9.287524148537491531e-01 -9.861660906570399732e-01 -3.435366700404610119e-01
-1.042157407420357895e+00 -4.649417328297352769e-01 -9.468061352343359882e-01 -4.255879218746853043e-01 -6.825738183405757331e-01 -6.675425919935237262e-01 -1.013067102265547303e+00 -8.572345419712612546e-01 -4.713390881852442815e-01 -5.089615337123777339e-01 -9.289962504119035902e-01 -1.455003985762426399e+00 -4.911553930145148850e-01
-1.302101280682958828e+00 -4.232773166888759153e-01 -5.332116229915806471e-01 -5.885467022616673871e-01 -9.937249984235839717e-01 7.467813000040060545e-02 -1.097332818277415356e+00 -8.517143617854293636e-01 -6.444496222338411684e-01 -8.504219803122982091e-01 -1.142289941047322177e+00 -1.510459485840906169e+00 -3.573305143915880833e-01
-8.290780931230602446e-01 -2.324903963297955956e-01 -4.502553468199395059e-01 -4.383786774828907773e-01 -7.300252001348108699e-01 -1.116527567827301892e+00 -1.261339764334249436e+00 -7.742778734083268777e-01 -8.370175372431363225e-01 -7.485254667981622312e-01 -9.178330813802734189e-01 -1.092977060444546566e+00 -3.902138317758263031e-01
-1.276943457234683166e+00 -4.695506287585078931e-01 -9.264802386901012099e-01 -7.491352875288925794e-01 -9.262817606078271870e-01 -1.197891269417708932e-01 -1.141911269958875152e+00 -7.062742848727561196e-01 -6.638100062888525610e-01 -6.062715032274998972e-01 -1.033357018971713170e+00 -1.108633936034199907e+00 -2.463225625866022894e-01
-1.410375009635750354e+00 -3.396448475796955968e-01 -9.852150075688009823e-01 -5.235997101354203931e-01 -7.906981222071262083e-01 -3.212815762525376151e-01 -1.362222696113129849e+00 -7.771131265262808396e-01 -7.069347285852890517e-01 -5.449017471861581363e-01 -1.416683764176267291e+00 -1.705858515669286035e+00 -4.807595046252821080e-01
-1.501886689688201271e+00 -4.988745181913862847e-01 -7.757602584571976490e-01 -4.916446943452563167e-01 -8.484202212091095374e-01 -6.288791621704338253e-01 -9.949028081455167927e-01 -7.197368338274974242e-01 -6.943532999749991719e-01 -5.883197457575801703e-01 -1.116145402628550221e+00 -1.289644665723467698e+00 -3.371829429755153762e-01
-1.189928479830756780e+00 -3.422609809764939892e-01 -5.342866666093071260e-01 -1.123695745805769697e+00 -9.950369979541580090e-01 -6.129350165888105550e-01 -1.260918788420467118e+00 -7.587737693547140783e-01 -6.760386775691598071e-01 -6.738253647415682890e-01 -1.029237812879668645e+00 -1.564161406481385796e+00 -5.830927727844115172e-01
-1.393116107736388720e+00 -3.735344980039734253e-01 -6.733641376983812155e-01 -5.467133598263903549e-01 -7.919199916096247849e-01 -7.304892924702526269e-01 -1.094714971512062318e+00 -8.930065078441727922e-01 -7.060464743239808216e-01 -9.115334355084423468e-01 -1.161525982234411503e+00 -1.079628115491075846e+00 -4.112547589347078092e-01
-1.430545212639251496e+00 -2.425407711276245937e-01 -8.093921448969728649e-01 -7.197764724194979369e-01 -9.953203759085288427e-01 -5.866995073847145470e-01 -1.272715417900109891e+00 -8.957306763312320452e-01 -7.086634869432474337e-01 -7.631676043438846424e-01 -1.306042438166659769e+00 -1.441538329615627001e+00 -3.841513231646719873e-01
-1.503615940241391113e+00 -4.555849039593243832e-01 -1.184985528963005130e+00 -5.654675733537722904e-01 -8.433958900866843633e-01 -4.564414350430462952e-01 -9.025456050103354277e-01 -8.635873254373017671e-01 -7.352300909499829284e-01 -5.818035778562089533e-01 -1.119914097458240443e+00 -1.216296290756305298e+00 -4.201757543732281830e-01
-1.329763435574979002e+00 -2.527074733659899763e-01 -7.030722209296772496e-01 -9.582500918088208142e-01 -8.402597012913955998e-01 -5.514872002471373769e-01 -1.188279510504461900e+00 -7.386968982877538670e-01 -7.873005376969899327e-01 -2.820058566993901006e-01 -1.199360637689821818e+00 -1.432704673047829891e+00 -5.483965426764182416e-01
-1.617543542105111420e+00 -2.834041104122489996e-01 -5.134781611979212235e-01 -7.771266424546545704e-01 -9.173297852091796267e-01 -9.859924706305723818e-01 -1.031895323958972321e+00 -9.212994744707252437e-01 -8.433362390163409161e-01 -1.001406764762127422e+00 -1.102012797167035041e+00 -1.240982059134061899e+00 -6.072546665106861585e-01
-1.169030224041170296e+00 -4.216270592531874972e-01 -9.360100507652709956e-01 -4.759710772644378252e-01 -1.016362959272423927e+00 -7.946068005249473654e-01 -1.354532922660936167e+00 -9.123144127559064120e-01 -8.875774222649660539e-01 -5.971277343693137674e-01 -1.088285913730187682e+00 -1.029739975708460431e+00 -6.701337835412343180e-01
-1.181272083399581119e+00 -5.712771747207440187e-01 -1.098520828523045889e+00 -6.702976249021723731e-01 -9.956322562652247798e-01 -4.940442594583026037e-01 -1.016825938808354479e+00 -5.441565077069858702e-01 -9.535737637072135842e-01 -5.763648772582568025e-01 -1.100182526893998425e+00 -1.301787634597830090e+00 -5.521017510802843642e-01
-9.887726574987918404e-01 -1.763435942649038968e-01 -1.133491904093173686e+00 -9.990988900695522146e-01 -1.047782480817313955e+00 -5.604785343183604773e-01 -1.420653470184399580e+00 -1.062942525979261754e+00 -1.041657467496046152e+00 -8.510399983381228273e-01 -1.192231490355392776e+00 -1.482374592444320571e+00 -4.434652359964850743e-01
-1.072664969563383419e+00 -1.977196206638877907e-01 -6.712466357010233864e-01 -7.248555006194292716e-01 -9.482426694424456182e-01 -6.955211270367903653e-01 -1.085611281028694419e+00 -8.888453083556329126e-01 -9.803301078527489887e-01 -6.134156092795125526e-01 -1.150748942600046565e+00 -1.603359631743292324e+00 -4.645060368589866151e-01
-1.503752105555254959e+00 -3.447934843451302966e-01 -5.628580817871099429e-01 -7.853443690528918442e-01 -7.602026627982141349e-01 -8.514354700938803200e-01 -1.180376997254702909e+00 -9.797028082957044415e-01 -8.856036744960764651e-01 -4.905582001678860937e-01 -1.068486098282313890e+00 -1.458100942542284839e+00 -3.541268968585016830e-01
-1.297815645365002490e+00 -4.569676001844750757e-01 -7.541393949892762905e-01 -6.142877761923428714e-01 -9.508604095751296281e-01 -6.424240954151103633e-01 -1.396139463583149665e+00 -1.085513272370501658e+00 -9.878132281734783859e-01 -6.615286450379137539e-01 -8.626478455435635517e-01 -1.341348949701180793e+00 -4.934918139715048779e-01
-1.246463412491072509e+00 -3.706121364592069867e-01 -7.953979029300224379e-01 -7.412441270642087243e-01 -9.893449590398319948e-01 -6.232757394073812351e-01 -1.080781224949660890e+00 -8.584428621552485650e-01 -8.088664161159702104e-01 -6.099424848929834164e-01 -9.010048245551788293e-01 -1.602515132537495779e+00 -6.835407709215285399e-01
-1.328834704073190931e+00 -3.759187283351215769e-01 -9.103616852214624355e-01 -6.121161089887287021e-01 -9.378382307246100336e-01 -6.700430881724581678e-01 -1.120898836714381286e+00 -7.406156343259557850e-01 -8.443040847389785553e-01 -7.206498471482712942e-01 -1.039715273038542387e+00 -1.638535913110597431e+00 -5.649595394535487092e-01
-1.198205716323992975e+00 -2.939351288750355895e-01 -7.527584194032752585e-01 -9.408573605720006450e-01 -1.139399060783592210e+00 -3.289090358065610009e-01 -1.067898227199779004e+00 -9.887914157096435730e-01 -1.061658920867175171e+00 -5.550785016282638873e-01 -1.166755691528918559e+00 -1.132548277237442891e+00 -6.460963850653036467e-01
-1.705417519856493147e+00 -1.426326905452549865e-01 -6.515946270890800029e-01 -7.342688778795336546e-01 -9.871984524456464127e-01 -5.817436571316194627e-01 -1.242021498295595494e+00 -9.327578870568815628e-01 -9.541041182129533782e-01 -5.427031447814254506e-01 -9.666541782073210243e-01 -1.503345017616036783e+00 -5.278063747140077089e-01
-1.306961667212712452e+00 -4.115449175607246990e-01 -7.032796657465081314e-01 -1.053304103875468911e+00 -9.836342884756181792e-01 -4.998113506415731155e-01 -9.519599528010656009e-01 -1.153622698864366747e+00 -9.286600486042624336e-01 -7.624695437335842207e-01 -1.035424181394555498e+00 -1.685167866251526370e+00 -6.439889437844774633e-01
-1.297290239889810071e+00 -3.308900947693553807e-01 -9.400605680138564013e-01 -9.570587757635972137e-01 -9.103140654082392258e-01 -6.585816545871975292e-01 -1.060290197309235127e+00 -9.227163769679529448e-01 -9.678031972345507716e-01 -3.860179111838303867e-01 -1.140069006802470364e+00 -1.410954019511581503e+00 -6.481386147975162215e-01
-1.282800645479909019e+00 -3.479176884829686123e-01 -7.456503996263998957e-01 -9.712628682294920379e-01 -8.967584439707231292e-01 -1.073440796325774604e+00 -1.383295475600921698e+00 -1.013468314888170241e+00 -9.883643960458859956e-01 -6.599139562896174649e-01 -1.280437495752429822e+00 -1.583810412030072223e+00 -5.975361187158191312e-01
-1.454830389407888891e+00 -2.409694109075858071e-01 -9.939443676574152287e-01 -9.253387976677708293e-01 -8.730484710282289118e-01 -7.419099421936791172e-01 -1.404181586819859495e+00 -7.761105295353595279e-01 -8.843046250595337776e-01 -8.971969205798935310e-01 -1.266273449466428946e+00 -1.370967371018341430e+00 -6.849459575889085272e-01
-1.649403137075380110e+00 -4.947781276341374768e-01 -1.319055616238101081e+00 -1.051532859228994088e+00 -9.545448739003004057e-01 -9.278844138205412095e-01 -9.635398380263260343e-01 -7.596873311260873285e-01 -9.356860798693835690e-01 -4.760499628168678998e-01 -1.245936414487641697e+00 -1.579148075864915901e+00 -6.196777425177163456e-01
-1.525415334490811015e+00 -2.181123165533644936e-01 -9.708299802317001959e-01 -9.158976655157443636e-01 -9.585344504469409666e-01 -6.060574611542860479e-01 -1.306551548876093705e+00 -1.000338470593687079e+00 -8.739441805863455981e-01 -7.226631458240204697e-01 -1.051047526608398952e+00 -1.351286343678082646e+00 -4.295931289980521872e-01
-1.454661206550422747e+00 -3.014704440816105002e-01 -4.675378420469903928e-01 -1.019857466121238065e+00 -8.816139059372087861e-01 -5.084633528086531795e-01 -9.607062369509995481e-01 -8.562073666701385255e-01 -8.781303575794576766e-01 -6.959909312754728461e-01 -1.198224120463681208e+00 -1.623036275369476034e+00 -6.765459233561208485e-01
-1.242781831303061191e+00 -3.364788463958273135e-01 -6.236822443498331037e-01 -9.413845269983511788e-01 -9.719537269797420276e-01 -8.337462266765646168e-01 -9.622868365347175823e-01 -1.015351732462724366e+00 -9.171553609049990508e-01 -5.208887194986748792e-01 -1.161321318826485927e+00 -1.588236782008852321e+00 -6.318090733670396197e-01
-1.589865092648397704e+00 -3.980191937517933987e-01 -7.569669693164267077e-01 -7.421334166464980120e-01 -9.049573449939771752e-01 -7.069859278832634208e-01 -1.274747655764319587e+00 -9.857103704258973753e-01 -8.347472227217749285e-01 -6.706584936359354376e-01 -1.018704394942509639e+00 -1.620328830351599914e+00 -7.097862175423368392e-01
-1.460604968450033514e+00 -1.263841945473488104e-01 -8.007442214952742443e-01 -8.189265022366694069e-01 -9.702249155493499755e-01 -7.657614729633663853e-01 -1.161470150675254498e+00 -1.008833138149503705e+00 -9.289138111407302389e-01 -7.327298490629630123e-01 -1.131014603137264318e+00 -1.236736649914343511e+00 -5.083987741409434769e-01
-1.630557307981478576e+00 -6.000888786050300183e-01 -9.549310628815536051e-01 -7.612786673094246170e-01 -1.058543530885699191e+00 -7.366736127589669225e-01 -1.411060643827653838e+00 -1.234249479860229259e+00 -1.050355658500515377e+00 -6.955811985629958283e-01 -1.368586675115761819e+00 -1.196656407657448851e+00 -8.416442472980176781e-01
-1.428732246655262772e+00 -3.939337056113665914e-01 -7.329891985285432732e-01 -7.733750861478650984e-01 -9.298246826616948235e-01 -1.019506813001829215e+00 -1.248078437602031521e+00 -8.702005872863530778e-01 -8.339311814216343599e-01 -5.008771621334318080e-01 -1.089872832106045797e+00 -1.685720062983586232e+00 -4.499559443319264274e-01
-1.315677586682292510e+00 -4.187888587773259119e-01 -6.785266013143235186e-01 -6.239239804362011199e-01 -8.235674541164615947e-01 -8.149097744691313761e-01 -1.108164262034287306e+00 -9.595020661052383604e-01 -7.378002073136826766e-01 -6.511083411665242737e-01 -1.069241468251402205e+00 -1.386053804009954815e+00 -4.199410068899540049e-01
-1.387538251334566430e+00 -3.211376685936866981e-01 -7.986784146639298587e-01 -7.425131025868630941e-01 -8.202000237944347960e-01 -8.288692701574659205e-01 -1.215296732971388183e+00 -9.562000478632614042e-01 -1.005918249625791683e+00 -5.366241936070731411e-01 -7.865653061835173876e-01 -1.005679229551037057e+00 -4.198888382208796899e-01
-1.525112518020612873e+00 -3.166971746219244266e-01 -5.587622189603269618e-01 -5.421940144403019080e-01 -9.949351515925491940e-01 -8.009031028645996475e-01 -1.332828099941968381e+00 -1.023124657645193558e+00 -9.509508217317778067e-01 -8.461187083985880486e-01 -1.361191835617578061e+00 -8.853120968794063739e-01 -4.982798925612638152e-01
-1.718059342673495138e+00 -6.748218865087460827e-01 -6.132828389934359414e-01 -8.421043312128748681e-01 -1.115482616155827555e+00 -5.372689562765373683e-01 -1.180485856997812499e+00 -9.581097735096911761e-01 -1.087139862521866895e+00 -5.404588264910887840e-01 -7.674832331093834892e-01 -1.460856520967226624e+00 -7.945227215120383990e-01
-1.474691407050839898e+00 -6.711654704755751766e-01 -1.091622572005910730e+00 -8.488142479602122092e-01 -8.557242864390643966e-01 -9.659280962529451786e-01 -1.147345950161220873e+00 -9.351137139518576058e-01 -8.812928863639021282e-01 -9.003254997507813551e-01 -7.203638917173765810e-01 -1.405058276492393565e+00 -6.055588033655421309e-01
-1.505339424752403232e+00 -4.631253550695589860e-01 -7.909788523805507676e-01 -8.234365247441133295e-01 -8.829300408029296943e-01 -6.027759311456912794e-01 -1.518735100642772506e+00 -1.074181896841671424e+00 -8.529901577840526272e-01 -7.566104753432603136e-01 -1.224253684697911293e+00 -1.315423833311015089e+00 -6.873795017746540115e-01
-1.158830999616466073e+00 -3.804666049757750024e-01 -1.253347083437690079e+00 -8.013419088429470927e-01 -9.131339694924394124e-01 -7.396054964062934722e-01 -1.180853727141063958e+00 -1.439363662014439660e+00 -1.042549699289054610e+00 -6.948217062146411216e-01 -1.185773654982303027e+00 -1.526270526835641572e+00 -5.390212460969590058e-01
-1.655043461979873953e+00 -2.108896876411388011e-01 -4.941530421841148768e-01 -1.003510542672996886e+00 -7.049893733185029765e-01 -6.779703827910192881e-01 -1.660004525982639700e+00 -1.012322991265639072e+00 -8.916883139287549165e-01 -8.289574910514669881e-01 -1.003874655666388893e+00 -1.556574166222207900e+00 -7.574951803532260497e-01
-1.037673948690016834e+00 -5.923585281268008984e-01 -9.299612544277263693e-01 -8.852390146679189886e-01 -8.359734775049739719e-01 -7.712365927023714374e-01 -1.168377350534877790e+00 -1.054061601370653634e+00 -9.342677320768677518e-01 -7.813603627053997691e-01 -8.189702766961338698e-01 -1.470526967251508443e+00 -5.025005467958013616e-01
-1.307247049337210809e+00 -2.614443062305464860e-01 -1.100845887183242056e+00 -9.681624239375807850e-01 -7.890676757661977403e-01 -8.555029795356842159e-01 -1.248894294170427299e+00 -7.572957032158831314e-01 -8.136353414281095597e-01 -6.209264171838516644e-01 -1.271565376031394745e+00 -1.156044472373964904e+00 -4.770003499514963163e-01
-1.362642248205186979e+00 -3.149317688337309740e-01 -7.773863388965049914e-01 -1.023764456733193384e+00 -1.055809585004783058e+00 -6.136067228873921531e-01 -1.371896572295524308e+00 -1.204606488478346504e+00 -8.151263247989996019e-01 -7.768561781706662117e-01 -7.053237619287400229e-01 -1.095735799761082596e+00 -5.992825692302639062e-01
-1.515853897867317945e+00 -1.896321012207891898e-01 -5.236837841254269321e-01 -7.783037875375171666e-01 -9.745259718906895685e-01 -6.675968663953205651e-01 -6.751687583719470087e-01 -1.111946098068494759e+00 -8.793609154786246052e-01 -2.886262784209486232e-01 -9.538193475186635961e-01 -1.281930739700853028e+00 -6.916935908282555445e-01
-1.562522389522242205e+00 -3.836989565555266046e-01 -1.027883650369088020e+00 -8.693335140167895991e-01 -8.244290388198741715e-01 -5.965471615752315770e-01 -1.410859333368393198e+00 -1.041973941551468830e+00 -7.356783464687651763e-01 -8.902583378382877832e-01 -9.445691759966383660e-01 -1.556039253769783803e+00 -7.423611621364857305e-01
-1.335253789097808452e+00 -6.302359310965849337e-02 -9.049800506494140029e-01 -7.721463746115796445e-01 -9.497618075652304315e-01 -8.175047515253347497e-01 -9.278854662711808476e-01 -1.276713716289859635e+00 -9.029580456545808209e-01 -8.246687998115390661e-01 -8.393780296567833199e-01 -9.115412978478242279e-01 -5.736875797739459104e-01
-1.592633792720341113e+00 -3.084461695506012235e-01 -8.539119882637993264e-01 -8.896674515973288511e-01 -8.445453634343292881e-01 -6.623344871192369254e-01 -1.275617297880008438e+00 -8.621502093007579193e-01 -1.001457957032246160e+00 -8.466196836019510563e-01 -9.586979070356389521e-01 -1.669942444303748941e+00 -4.875348202482934767e-01
